1)Iteration 1: Best Fitness = 0.9212
1. 1. 0. 0. 1. 1. 0. 1. 0. 1. 0. 1. 1. 1. 0. 0. 1. 1. 0. 1. 1. 0. 1. 0.1. 1. 0. 1. 1. 0. 0. 1. 0. 1. 0. 0. 0. 1. 1. 0. 0. 1. 0. 0. 0. 1. 0. 0.1. 0. 0. 1. 1. 1. 0. 0. 0. 1. 0. 0.

2)Iteration 2: Best Fitness = 0.9252
1. 0. 1. 0. 0. 0. 1. 1. 0. 1. 0. 0. 1. 1. 1. 1. 1. 1. 0. 0. 1. 0. 0. 0.0. 0. 1. 1. 1. 0. 0. 0. 0. 0. 1. 1. 1. 1. 1. 1. 0. 1. 1. 1. 1. 1. 0. 1.1. 0. 0. 0. 1. 0. 1. 1. 0. 0. 1. 0.

3)Iteration 1: Best Fitness = 0.9230
1. 0. 0. 1. 0. 0. 0. 1. 0. 0. 0. 1. 1. 1. 0. 0. 1. 0. 1. 0. 0. 0. 0. 0.0. 1. 1. 0. 1. 0. 0. 1. 1. 1. 1. 0. 1. 0. 0. 1. 1. 0. 1. 0. 1. 0. 1. 1.0. 1. 1. 1. 0. 0. 0. 0. 0. 1. 1. 0.

4)Iteration 2: Best Fitness = 0.9249
1. 1. 1. 1. 0. 0. 0. 1. 1. 0. 1. 0. 1. 1. 1. 1. 0. 1. 0. 0. 0. 1. 1. 1.0. 1. 1. 0. 0. 1. 1. 0. 1. 0. 0. 1. 1. 0. 0. 0. 0. 1. 0. 1. 0. 0. 1. 1.0. 1. 0. 0. 0. 0. 1. 1. 0. 1. 1. 0.

5)Iteration 1: Best Fitness = 0.9237
0. 1. 1. 0. 1. 0. 1. 0. 0. 1. 0. 1. 1. 0. 1. 1. 0. 1. 1. 0. 0. 0. 0. 0.1. 1. 1. 1. 1. 1. 0. 0. 1. 0. 0. 1. 1. 1. 1. 0. 1. 1. 1. 0. 1. 1. 1. 1.1. 1. 1. 1. 1. 1. 0. 0. 1. 0. 1. 0.

6)Iteration 1: Best Fitness = 0.9204
1. 1. 1. 1. 1. 0. 1. 0. 1. 0. 0. 0. 0. 0. 1. 0. 1. 0. 0. 1. 1. 0. 1. 1.0. 0. 1. 0. 1. 0. 0. 0. 0. 0. 0. 1. 0. 1. 0. 1. 0. 1. 1. 0. 0. 1. 1. 1.0. 1. 1. 0. 1. 1. 0. 0. 0. 0. 1. 1.

7)Iteration 1: Best Fitness = 0.9204
1. 1. 1. 1. 1. 0. 1. 0. 1. 0. 0. 0. 0. 0. 1. 0. 1. 0. 0. 1. 1. 0. 1. 1.0. 0. 1. 0. 1. 0. 0. 0. 0. 0. 0. 1. 0. 1. 0. 1. 0. 1. 1. 0. 0. 1. 1. 1.0. 1. 1. 0. 1. 1. 0. 0. 0. 0. 1. 1.

8)Iteration 2: Best Fitness = 0.9234
1. 0. 1. 1. 0. 1. 1. 0. 1. 1. 1. 1. 1. 1. 1. 1. 0. 0. 1. 1. 1. 0. 0. 1.0. 0. 0. 1. 1. 0. 0. 1. 1. 1. 0. 1. 1. 1. 1. 1. 1. 0. 0. 0. 1. 1. 1. 1.1. 0. 0. 1. 1. 0. 1. 1. 0. 0. 0. 1.

9)Iteration 1: Best Fitness = 0.9226
1. 0. 1. 0. 1. 1. 0. 0. 1. 1. 0. 1. 1. 1. 0. 1. 1. 0. 1. 0. 1. 0. 1. 1.1. 0. 0. 0. 1. 1. 0. 1. 1. 1. 0. 0. 1. 0. 1. 0. 1. 0. 0. 1. 1. 1. 0. 1.0. 1. 1. 1. 0. 1. 0. 1. 0. 0. 0. 0.

10)Iteration 2: Best Fitness = 0.9240
1. 1. 0. 1. 1. 1. 0. 0. 1. 0. 1. 1. 1. 1. 1. 1. 1. 1. 1. 1. 1. 0. 1. 0.1. 1. 1. 1. 1. 1. 1. 1. 0. 0. 0. 0. 1. 0. 1. 1. 1. 1. 1. 0. 1. 0. 1. 0.1. 1. 0. 0. 0. 1. 0. 1. 1. 0. 1. 1.

11)Iteration 1: Best Fitness = 0.9221
0. 0. 0. 1. 0. 0. 0. 0. 0. 0. 0. 0. 0. 0. 1. 1. 1. 1. 1. 1. 0. 1. 1. 0.0. 1. 1. 1. 0. 0. 1. 1. 1. 1. 1. 1. 1. 1. 0. 0. 0. 0. 1. 0. 1. 0. 0. 0.1. 0. 0. 0. 1. 1. 0. 1. 1. 1. 1. 0.

12)Iteration 1: Best Fitness = 0.9208
1. 1. 1. 0. 0. 0. 0. 1. 1. 1. 0. 0. 0. 1. 0. 0. 0. 0. 0. 1. 1. 0. 1. 1.1. 0. 1. 1. 0. 1. 0. 1. 1. 1. 1. 0. 0. 0. 0. 0. 1. 0. 1. 0. 0. 1. 0. 1.1. 0. 1. 1. 1. 0. 1. 1. 1. 1. 0. 1.

13)Iteration 2: Best Fitness = 0.9233
0. 1. 0. 1. 0. 0. 1. 1. 1. 0. 0. 1. 1. 1. 1. 1. 0. 0. 1. 0. 0. 1. 1. 0.0. 1. 1. 1. 1. 0. 1. 0. 1. 0. 1. 1. 0. 0. 0. 1. 1. 1. 1. 1. 1. 1. 1. 1.1. 0. 0. 1. 0. 1. 0. 0. 0. 1. 0. 1.

14)Iteration 1: Best Fitness = 0.9237
0. 0. 1. 0. 1. 0. 0. 0. 1. 1. 1. 1. 1. 0. 1. 1. 1. 0. 0. 1. 0. 0. 1. 1.0. 1. 1. 1. 1. 0. 0. 0. 0. 1. 0. 0. 0. 0. 1. 1. 1. 1. 1. 1. 0. 1. 1. 1.0. 0. 1. 1. 1. 0. 0. 1. 0. 1. 1. 1.

15)Iteration 3: Best Fitness = 0.9238
1. 0. 1. 0. 1. 0. 0. 0. 1. 1. 1. 1. 0. 1. 1. 1. 1. 1. 0. 1. 0. 0. 1. 0.1. 1. 0. 1. 1. 1. 0. 1. 0. 1. 1. 0. 1. 0. 1. 0. 0. 0. 0. 0. 0. 0. 1. 1.1. 1. 1. 0. 1. 0. 0. 0. 1. 1. 0. 0.

16)Iteration 1: Best Fitness = 0.9220
1. 1. 0. 1. 1. 1. 1. 1. 1. 0. 0. 1. 1. 1. 0. 1. 0. 0. 0. 1. 1. 0. 1. 1.0. 0. 1. 0. 1. 1. 0. 0. 0. 0. 1. 1. 0. 1. 0. 0. 1. 1. 0. 0. 0. 0. 1. 1.1. 0. 0. 0. 1. 1. 0. 0. 0. 1. 0. 0.


17)Iteration 2: Best Fitness = 0.9223
1. 1. 0. 1. 0. 0. 0. 0. 1. 0. 0. 1. 1. 1. 1. 1. 1. 0. 1. 0. 1. 1. 1. 0.0. 0. 0. 1. 0. 1. 0. 0. 1. 0. 1. 1. 0. 1. 0. 0. 0. 1. 0. 0. 0. 0. 1. 1.0. 0. 1. 1. 1. 0. 1. 0. 1. 0. 0. 1.

18)Iteration 3: Best Fitness = 0.9243
0. 0. 1. 1. 1. 1. 0. 1. 1. 1. 0. 1. 1. 1. 1. 0. 1. 0. 1. 0. 1. 0. 0. 1.0. 1. 0. 0. 0. 1. 0. 0. 1. 1. 1. 0. 1. 1. 1. 1. 0. 1. 0. 0. 0. 0. 1. 1.1. 1. 1. 1. 0. 0. 0. 1. 1. 1. 1. 0.

19)Iteration 1: Best Fitness = 0.9224
1. 1. 1. 1. 0. 0. 0. 0. 1. 1. 1. 0. 1. 1. 0. 1. 1. 0. 1. 1. 1. 0. 1. 0.1. 0. 0. 1. 0. 1. 0. 1. 0. 1. 0. 1. 0. 0. 0. 1. 0. 1. 1. 0. 1. 1. 1. 1.0. 0. 1. 0. 0. 1. 0. 0. 1. 1. 0. 1.

20)Iteration 2: Best Fitness = 0.9238
0. 1. 1. 1. 0. 1. 1. 1. 1. 1. 0. 1. 1. 0. 1. 1. 1. 1. 1. 1. 1. 1. 0. 0.0. 0. 1. 0. 1. 0. 1. 1. 0. 1. 0. 0. 1. 0. 1. 0. 0. 0. 0. 1. 1. 1. 1. 1.1. 0. 0. 1. 1. 0. 1. 0. 0. 1. 0. 0.

21)Iteration 1: Best Fitness = 0.9222
0. 1. 1. 1. 1. 1. 0. 1. 0. 1. 1. 0. 1. 0. 1. 1. 0. 0. 1. 0. 0. 0. 0. 0.1. 0. 0. 1. 1. 1. 1. 0. 0. 1. 0. 1. 1. 0. 1. 1. 1. 0. 1. 0. 0. 0. 1. 1.1. 1. 1. 1. 0. 1. 0. 1. 0. 0. 0. 1.

22)Iteration 2: Best Fitness = 0.9235
0. 1. 0. 0. 0. 1. 0. 1. 1. 0. 0. 0. 1. 1. 1. 1. 0. 0. 1. 0. 1. 1. 1. 0.1. 1. 1. 1. 0. 0. 1. 1. 1. 0. 0. 1. 0. 0. 1. 0. 0. 1. 0. 0. 1. 0. 1. 0.0. 0. 1. 1. 0. 1. 0. 1. 0. 1. 1. 0.

23)Iteration 1: Best Fitness = 0.9216
0. 1. 1. 1. 1. 1. 1. 1. 1. 0. 0. 1. 1. 0. 0. 0. 1. 1. 1. 1. 1. 0. 0. 0.1. 1. 1. 0. 0. 0. 0. 1. 1. 1. 1. 0. 1. 0. 0. 1. 0. 0. 1. 1. 0. 1. 1. 1.1. 0. 1. 1. 1. 1. 1. 0. 0. 0. 0. 1.

24)Iteration 2: Best Fitness = 0.9229
1. 0. 1. 1. 1. 1. 1. 0. 1. 0. 1. 1. 1. 1. 1. 0. 1. 1. 0. 0. 0. 1. 1. 1.1. 0. 0. 1. 1. 1. 1. 1. 0. 1. 0. 0. 1. 1. 0. 1. 1. 0. 0. 0. 1. 1. 1. 1.0. 0. 1. 1. 1. 0. 0. 0. 0. 1. 0. 1.

25)Iteration 1: Best Fitness = 0.9250
0. 0. 0. 0. 1. 1. 0. 1. 1. 1. 0. 1. 1. 1. 0. 1. 1. 1. 1. 0. 0. 0. 0. 1.1. 0. 1. 1. 0. 0. 1. 1. 1. 1. 0. 0. 0. 0. 0. 0. 0. 0. 0. 1. 0. 1. 1. 1.1. 1. 1. 1. 1. 1. 1. 1. 1. 1. 0. 0.

26)Iteration 1: Best Fitness = 0.9226
1. 0. 0. 0. 1. 1. 0. 1. 1. 0. 1. 1. 1. 1. 1. 1. 1. 0. 1. 1. 1. 0. 1. 0.1. 1. 1. 0. 1. 0. 0. 0. 0. 0. 1. 0. 0. 0. 0. 1. 0. 1. 1. 0. 1. 1. 0. 1.1. 0. 1. 0. 1. 1. 0. 0. 1. 0. 0. 0.

27)Iteration 1: Best Fitness = 0.9234
1. 1. 0. 1. 0. 0. 0. 0. 0. 0. 0. 0. 1. 1. 0. 0. 1. 0. 0. 0. 1. 1. 1. 1.1. 0. 0. 1. 1. 1. 1. 1. 0. 0. 1. 1. 0. 0. 1. 1. 1. 1. 1. 0. 0. 0. 0. 1.1. 1. 0. 1. 0. 1. 1. 0. 1. 1. 1. 1.

28)Iteration 1: Best Fitness = 0.9213
0. 1. 0. 1. 1. 1. 0. 0. 0. 1. 1. 0. 0. 1. 0. 0. 1. 1. 1. 1. 1. 1. 0. 0.0. 0. 0. 1. 0. 0. 0. 0. 1. 1. 0. 1. 1. 1. 1. 1. 1. 1. 1. 0. 1. 1. 1. 1.1. 0. 1. 1. 0. 0. 1. 1. 0. 0. 1. 1.

29)Iteration 2: Best Fitness = 0.9218
0. 1. 0. 0. 1. 0. 0. 0. 1. 0. 0. 1. 0. 1. 1. 0. 1. 1. 1. 1. 1. 0. 1. 0.1. 0. 1. 1. 1. 1. 1. 0. 0. 0. 0. 1. 0. 1. 1. 0. 1. 1. 1. 1. 1. 1. 1. 1.0. 1. 1. 1. 1. 0. 0. 0. 0. 1. 1. 0.

30)Iteration 3: Best Fitness = 0.9228
1. 0. 1. 1. 1. 1. 1. 0. 1. 0. 1. 1. 1. 0. 1. 1. 0. 0. 0. 1. 0. 0. 0. 0.0. 0. 0. 0. 1. 1. 0. 0. 0. 0. 1. 1. 1. 1. 1. 0. 1. 1. 1. 0. 0. 0. 1. 0.1. 1. 0. 1. 1. 0. 0. 0. 1. 0. 1. 1.


31)Iteration 1: Best Fitness = 0.9225
1. 1. 1. 1. 0. 1. 1. 0. 1. 1. 1. 1. 1. 1. 1. 0. 1. 0. 0. 0. 1. 1. 0. 1.0. 0. 0. 1. 0. 1. 1. 0. 0. 0. 1. 0. 1. 1. 0. 0. 1. 1. 1. 0. 1. 1. 1. 1.1. 1. 1. 1. 0. 1. 1. 0. 1. 0. 1. 1.

32)Iteration 3: Best Fitness = 0.9247
1. 1. 1. 1. 0. 1. 0. 0. 1. 1. 1. 0. 1. 1. 1. 1. 0. 0. 1. 0. 1. 0. 0. 1.0. 1. 1. 1. 1. 0. 0. 1. 1. 1. 1. 1. 1. 1. 0. 1. 1. 0. 1. 1. 0. 0. 0. 0.0. 1. 0. 1. 1. 1. 0. 0. 1. 0. 0. 0.

33)Iteration 1: Best Fitness = 0.9230
1. 1. 1. 1. 0. 1. 1. 0. 1. 1. 1. 0. 1. 0. 1. 1. 0. 1. 0. 1. 0. 0. 0. 1.1. 1. 1. 1. 1. 0. 1. 0. 1. 1. 0. 1. 1. 1. 1. 1. 0. 0. 1. 1. 1. 0. 0. 1.1. 1. 1. 0. 1. 0. 0. 0. 0. 1. 1. 1.

34)Iteration 2: Best Fitness = 0.9238
0. 1. 1. 1. 1. 1. 1. 0. 1. 0. 0. 1. 1. 0. 1. 1. 0. 1. 1. 1. 1. 0. 1. 1.0. 1. 1. 1. 1. 0. 0. 1. 0. 1. 0. 0. 0. 0. 0. 0. 0. 1. 1. 1. 1. 1. 1. 1.1. 1. 0. 1. 0. 1. 1. 1. 0. 1. 0. 0.

35)Iteration 1: Best Fitness = 0.9222
0. 0. 1. 0. 0. 0. 1. 1. 0. 0. 1. 1. 1. 1. 1. 1. 1. 0. 1. 1. 1. 1. 1. 1.0. 0. 1. 1. 0. 0. 1. 0. 1. 0. 0. 0. 1. 0. 0. 1. 1. 1. 1. 0. 1. 0. 0. 1.1. 0. 0. 0. 1. 1. 0. 0. 0. 1. 1. 0.

36)Iteration 2: Best Fitness = 0.9226
1. 1. 0. 0. 1. 0. 0. 1. 1. 0. 0. 1. 0. 1. 1. 1. 0. 0. 1. 0. 0. 0. 0. 0.0. 0. 1. 1. 0. 0. 1. 1. 1. 0. 0. 1. 1. 0. 0. 1. 0. 1. 1. 0. 1. 0. 0. 1.0. 1. 0. 1. 0. 1. 1. 1. 0. 1. 0. 1.

37)Iteration 3: Best Fitness = 0.9230
0. 0. 1. 1. 0. 0. 0. 1. 0. 0. 0. 0. 1. 1. 1. 1. 0. 1. 0. 1. 1. 1. 0. 1.1. 1. 0. 0. 1. 0. 0. 0. 0. 1. 1. 0. 0. 0. 0. 1. 0. 1. 1. 0. 1. 1. 1. 1.1. 1. 1. 0. 1. 1. 0. 1. 0. 0. 0. 0.

38)Iteration 1: Best Fitness = 0.9228
1. 1. 0. 0. 1. 0. 0. 0. 1. 1. 1. 0. 1. 1. 0. 0. 1. 1. 1. 1. 0. 0. 0. 0.0. 1. 1. 1. 1. 0. 0. 1. 1. 0. 1. 0. 1. 1. 1. 1. 0. 1. 0. 0. 1. 0. 0. 1.1. 1. 1. 1. 0. 1. 1. 1. 0. 0. 0. 1.

39)Iteration 1: Best Fitness = 0.9193
0. 0. 1. 0. 1. 1. 0. 0. 1. 1. 1. 1. 1. 0. 0. 1. 1. 1. 0. 1. 0. 1. 1. 0.1. 1. 0. 1. 1. 1. 0. 1. 0. 1. 1. 1. 1. 1. 0. 1. 0. 1. 0. 1. 0. 0. 0. 0.1. 0. 0. 0. 0. 1. 0. 0. 0. 0. 1. 0.

40)Iteration 2: Best Fitness = 0.9221
0. 0. 0. 0. 1. 0. 1. 1. 1. 0. 1. 1. 0. 1. 1. 1. 1. 0. 0. 1. 0. 0. 0. 1.0. 1. 1. 1. 0. 0. 0. 0. 1. 0. 0. 0. 0. 0. 0. 1. 1. 1. 1. 1. 0. 1. 0. 0.0. 0. 1. 0. 0. 0. 1. 1. 1. 1. 1. 0.

41)Iteration 3: Best Fitness = 0.9224
0. 1. 0. 1. 1. 1. 1. 0. 1. 0. 0. 1. 1. 0. 1. 0. 1. 0. 1. 0. 1. 0. 1. 1.1. 1. 1. 1. 0. 0. 0. 0. 0. 1. 1. 1. 1. 1. 1. 1. 1. 0. 1. 0. 1. 0. 1. 1.1. 0. 0. 0. 1. 0. 0. 0. 1. 0. 0. 0.

42)Iteration 1: Best Fitness = 0.9239
1. 0. 0. 1. 1. 1. 0. 1. 0. 0. 1. 1. 1. 1. 1. 1. 0. 1. 1. 0. 1. 1. 0. 0.1. 0. 1. 1. 0. 0. 0. 0. 0. 1. 0. 1. 0. 0. 0. 0. 1. 0. 1. 0. 0. 1. 1. 1.1. 0. 1. 0. 1. 1. 1. 0. 0. 1. 0. 1.

43)Iteration 1: Best Fitness = 0.9218
0. 1. 1. 1. 1. 0. 0. 0. 0. 1. 0. 0. 1. 0. 1. 1. 1. 0. 1. 0. 0. 1. 0. 0.1. 0. 0. 1. 0. 1. 1. 1. 0. 0. 1. 0. 1. 1. 0. 1. 0. 0. 1. 0. 1. 1. 0. 0.1. 1. 1. 1. 0. 1. 0. 0. 1. 0. 1. 1.

44)Iteration 2: Best Fitness = 0.9236
0. 1. 0. 0. 1. 1. 0. 1. 1. 0. 1. 0. 1. 0. 1. 1. 1. 1. 1. 1. 0. 1. 0. 1.0. 1. 1. 0. 0. 1. 0. 1. 1. 1. 0. 1. 0. 1. 0. 0. 1. 0. 0. 1. 1. 0. 0. 1.1. 0. 1. 1. 0. 1. 1. 0. 1. 1. 1. 1.

45)Iteration 1: Best Fitness = 0.9225
1. 1. 0. 1. 1. 0. 1. 0. 1. 0. 1. 1. 0. 1. 1. 1. 1. 1. 0. 1. 0. 0. 1. 1.0. 1. 0. 0. 0. 0. 1. 0. 1. 0. 0. 0. 0. 0. 1. 1. 1. 0. 1. 1. 0. 0. 1. 0.1. 0. 1. 1. 1. 0. 0. 0. 1. 0. 0. 1.

46)Iteration 1: Best Fitness = 0.9207
1. 0. 0. 0. 0. 0. 1. 1. 1. 0. 1. 1. 0. 1. 1. 1. 1. 0. 1. 1. 1. 1. 0. 0.0. 1. 0. 1. 0. 1. 1. 0. 1. 0. 0. 0. 0. 0. 1. 1. 0. 0. 1. 1. 0. 0. 1. 1.0. 0. 1. 0. 0. 1. 1. 1. 1. 1. 0. 1.

47)Iteration 2: Best Fitness = 0.9235
0. 0. 0. 1. 0. 0. 1. 0. 1. 1. 0. 0. 1. 1. 1. 1. 1. 1. 0. 0. 0. 0. 0. 0.1. 0. 1. 1. 1. 0. 0. 1. 0. 1. 1. 1. 1. 0. 0. 1. 1. 0. 1. 0. 0. 0. 1. 0.1. 1. 1. 1. 0. 1. 1. 1. 1. 1. 0. 1.

48)Iteration 1: Best Fitness = 0.9245
1. 1. 1. 1. 0. 1. 0. 1. 1. 0. 1. 1. 1. 1. 0. 1. 0. 0. 1. 0. 1. 0. 0. 1.0. 0. 0. 0. 1. 0. 0. 0. 0. 0. 1. 0. 0. 0. 1. 1. 0. 1. 1. 1. 0. 1. 1. 1.1. 1. 0. 1. 0. 0. 1. 1. 0. 1. 1. 1.

49)Iteration 1: Best Fitness = 0.9198
0. 1. 0. 0. 0. 1. 1. 0. 1. 0. 1. 0. 1. 1. 0. 1. 1. 1. 1. 0. 0. 0. 1. 1.0. 0. 0. 0. 0. 0. 0. 1. 0. 0. 0. 1. 1. 0. 0. 1. 1. 1. 0. 1. 1. 0. 1. 0.1. 0. 0. 0. 0. 1. 1. 0. 1. 0. 0. 0.

50)Iteration 2: Best Fitness = 0.9228
0. 1. 1. 0. 1. 1. 0. 1. 1. 0. 0. 0. 1. 1. 1. 0. 0. 1. 1. 1. 0. 1. 0. 0.0. 1. 0. 1. 1. 1. 1. 0. 0. 0. 0. 1. 1. 0. 0. 1. 0. 0. 1. 1. 1. 1. 0. 1.1. 1. 1. 0. 1. 0. 1. 0. 1. 1. 1. 1.

51)Iteration 1: Best Fitness = 0.9248
0. 0. 1. 0. 0. 1. 0. 1. 1. 1. 1. 0. 1. 1. 1. 1. 1. 0. 0. 1. 1. 1. 1. 0.0. 0. 0. 0. 0. 0. 1. 1. 1. 0. 0. 1. 0. 1. 1. 0. 1. 0. 1. 0. 0. 0. 0. 1.0. 0. 0. 1. 1. 0. 0. 1. 1. 0. 1. 1.





